128,0
127,4
127,3
127,2
127,1
127,0
126,3
126,2
126,1
126,0
124,12
124,11
124,10
124,9
124,8
124,7
124,6
124,5
124,4
124,3
124,2
124,1
124,0
123,5
123,4
123,3
123,2
123,1
123,0
122,4
122,3
122,2
122,1
122,0
118,5
118,4
118,3
3,2
118,2
118,1
3,1
118,0
117,4
117,3
3,3
117,2
117,1
117,0
116,10
116,9
116,8
10,280
10,106
10,140
116,7
116,6
10,142
10,160
10,274
10,180
10,198
11,26
11,28
11,11
116,5
116,4
116,3
116,2
116,1
116,0
114,5
114,4
114,3
114,2
114,1
114,0
112,3
112,2
112,1
112,0
111,4
111,3
111,2
111,1
111,0
110,5
110,4
110,3
110,2
110,1
110,0
107,5
107,4
11,24
11,2
11,3
9,7
9,6
9,1
9,4
9,2
8,9
8,11
8,17
8,6
19,1
19,3
13,3
2,2
2,1
2,3
107,3
107,2
107,1
107,0
104,5
104,4
104,3
104,2
104,1
104,0
101,5
101,4
101,3
101,2
101,1
101,0
98,5
98,4
98,3
98,2
98,1
98,0
95,4
95,3
95,2
95,1
95,0
94,4
